    best_ntrees  best_score  bst:colsample_bytree   bst:eta  bst:max_depth  \
0           254    0.066324              0.858151  0.203779             17   
1           246    0.069594              0.774223  0.189640             15   
2           282    0.070061              0.788207  0.070019             12   
3           163    0.071462              0.810615  0.058861             19   
4           142    0.075666              0.928705  0.173505             27   
5           233    0.079402              0.985935  0.061926             13   
6           134    0.059785              0.943942  0.115512             18   
7           147    0.068192              0.720356  0.149401             15   
8           194    0.070995              0.801242  0.139542             22   
9           154    0.074264              0.717791  0.101962             14   
10          235    0.070995              0.896389  0.095607             24   
11          580    0.075199              0.853684  0.020641             19   
12          100    0.074264              0.993832  0.116453             25   
13          116    0.071929              0.825967  0.129430             19   
14          463    0.077067              0.915369  0.020514             16   
15          173    0.072396              0.806175  0.148010             23   
16          181    0.071462              0.982700  0.139132             17   
17          160    0.072396              0.952398  0.124957             29   
18          199    0.068192              0.773489  0.140193             12   
19          204    0.076600              0.865273  0.027883             24   
20           84    0.073330              0.795977  0.165355             16   
21          499    0.070528              0.963544  0.056753             12   
22          143    0.072396              0.701166  0.122111             20   
23          189    0.073330              0.959005  0.114527             10   
24          332    0.069127              0.912202  0.083739             17   
25          198    0.072863              0.805205  0.128502             14   
26          130    0.074264              0.914896  0.126406             24   
27          610    0.075666              0.894619  0.014185             25   
28          400    0.073797              0.971458  0.029098             17   
29          123    0.070528              0.746909  0.124133             29   
..          ...         ...                   ...       ...            ...   
68          235    0.077067              0.846674  0.016370             25   
69          117    0.075199              0.920369  0.089976             23   
70          139    0.070995              0.746124  0.091049             11   
71           92    0.070061              0.833208  0.204220             23   
72           49    0.068660              0.903681  0.194792             12   
73          185    0.069594              0.789434  0.055601             17   
74           54    0.071462              0.772397  0.190562             19   
75          105    0.072863              0.908003  0.159829             23   
76          237    0.076600              0.784066  0.042226             12   
77           83    0.073797              0.940348  0.109747             11   
78          163    0.072396              0.744087  0.090065             24   
79          238    0.075666              0.958187  0.029464             11   
80          257    0.072863              0.788030  0.060435             10   
81          183    0.070528              0.877122  0.070095             23   
82          112    0.070528              0.799214  0.132598             25   
83          242    0.073330              0.995871  0.044374             27   
84          116    0.072396              0.753407  0.111259             22   
85          213    0.070061              0.992951  0.113984             28   
86          164    0.071462              0.750871  0.053837             29   
87           50    0.067725              0.732633  0.172330             13   
88          234    0.074731              0.943980  0.019182             29   
89           88    0.066791              0.760885  0.204191             18   
90           92    0.068192              0.770574  0.141824             25   
91          118    0.070528              0.871939  0.075333             29   
92           71    0.072863              0.821315  0.171209             23   
93          171    0.070528              0.892431  0.156625             20   
94           72    0.073797              0.894691  0.105369             12   
95          144    0.071462              0.917762  0.158270             28   
96          125    0.070061              0.729142  0.162206             14   
97          172    0.071462              0.769055  0.093474             10   

    bst:subsample  early_stopping  n_round  ntrees     score  
0        0.585147             100      800     354  0.066791  
1        0.647990             100      800     346  0.070528  
2        0.962611             100      800     382  0.072396  
3        0.587010             100      800     263  0.072396  
4        0.630493             100      800     242  0.077534  
5        0.748882             100      800     333  0.080336  
6        0.647034             100      800     234  0.061653  
7        0.528869             100      800     247  0.071462  
8        0.524729             100      800     294  0.073330  
9        0.874236             100      800     254  0.075199  
10       0.592059             100      800     335  0.071462  
11       0.975324             100      800     680  0.076133  
12       0.856828             100      800     200  0.074731  
13       0.787664             100      800     216  0.072863  
14       0.975380             100      800     563  0.077534  
15       0.584830             100      800     273  0.075199  
16       0.918540             100      800     281  0.072396  
17       0.645989             100      800     260  0.074731  
18       0.575883             100      800     299  0.071929  
19       0.633560             100      800     304  0.077534  
20       0.879310             100      800     184  0.073330  
21       0.873349             100      800     599  0.070528  
22       0.912350             100      800     243  0.073797  
23       0.605086             100      800     289  0.075666  
24       0.795222             100      800     432  0.070061  
25       0.686816             100      800     298  0.074731  
26       0.650004             100      800     230  0.075199  
27       0.958642             100      800     710  0.077534  
28       0.819068             100      800     500  0.073797  
29       0.683328             100      800     223  0.071929  
..            ...             ...      ...     ...       ...  
68       0.935353             100      800     335  0.077534  
69       0.960565             100      800     217  0.075666  
70       0.828036             100      800     239  0.072863  
71       0.635083             100      800     192  0.074264  
72       0.866647             100      800     149  0.072396  
73       0.588469             100      800     285  0.071929  
74       0.688402             100      800     154  0.077067  
75       0.976519             100      800     205  0.076133  
76       0.990400             100      800     337  0.078468  
77       0.859691             100      800     183  0.076600  
78       0.551685             100      800     263  0.074264  
79       0.924382             100      800     338  0.077067  
80       0.963063             100      800     357  0.075199  
81       0.811423             100      800     283  0.074731  
82       0.951568             100      800     212  0.075666  
83       0.722137             100      800     342  0.074731  
84       0.770645             100      800     216  0.074264  
85       0.626862             100      800     313  0.072863  
86       0.739446             100      800     264  0.073797  
87       0.760958             100      800     150  0.069594  
88       0.720554             100      800     334  0.074731  
89       0.575165             100      800     188  0.070528  
90       0.717632             100      800     192  0.072396  
91       0.542693             100      800     218  0.072396  
92       0.834468             100      800     171  0.073797  
93       0.814867             100      800     271  0.071462  
94       0.905313             100      800     172  0.077534  
95       0.704877             100      800     244  0.073797  
96       0.832087             100      800     225  0.076600  
97       0.985854             100      800     272  0.073330  

[98 rows x 10 columns]