    best_ntrees  best_score  bst:colsample_bytree   bst:eta  bst:max_depth  \
0            94    0.051845              0.931535  0.100158             17   
1            92    0.051378              0.968768  0.093629             18   
2           133    0.050911              0.842197  0.043463             26   
3           104    0.050911              0.710946  0.132247             21   
4           141    0.052312              0.985300  0.053184             21   
5           109    0.049043              0.902661  0.197191             11   
6           148    0.048108              0.836721  0.207988             11   
7            98    0.051378              0.917304  0.134239             13   
8            86    0.048575              0.857228  0.138753             16   
9           262    0.051845              0.906034  0.018359             23   
10           76    0.051378              0.771404  0.152163             20   
11           47    0.051378              0.969194  0.194788             17   
12          196    0.048108              0.891396  0.196327             16   
13          153    0.048575              0.725071  0.195012             26   
14          122    0.050444              0.892394  0.109436             16   
15          132    0.052312              0.968571  0.145017             25   
16          330    0.049043              0.848099  0.064696             28   
17          249    0.049043              0.813367  0.024626             28   
18          203    0.049510              0.748066  0.082151             13   
19          242    0.049977              0.910694  0.075479             15   
20           84    0.049510              0.849842  0.207377             16   
21           64    0.052312              0.943127  0.168320             21   
22          129    0.048575              0.963120  0.132598             23   
23          144    0.048108              0.781911  0.081310             16   
24          165    0.047174              0.802347  0.201512             21   
25           91    0.050444              0.712711  0.130383             12   
26          426    0.051378              0.990190  0.037740             13   
27          156    0.049043              0.828610  0.099590             22   
28          209    0.050911              0.762408  0.032749             14   
29           82    0.049510              0.841551  0.178157             12   
..          ...         ...                   ...       ...            ...   
39          269    0.050444              0.736117  0.027476             13   
40          101    0.049043              0.967258  0.112204             10   
41          235    0.049043              0.990912  0.076825             19   
42          232    0.048108              0.818862  0.105127             25   
43          342    0.048575              0.828845  0.067464             17   
44          252    0.051378              0.924298  0.077165             22   
45          210    0.049043              0.951291  0.151155             13   
46          207    0.048108              0.774747  0.079722             22   
47           58    0.053713              0.756605  0.138614             29   
48           85    0.050444              0.841371  0.060168             24   
49           79    0.047174              0.975005  0.132221             22   
50           62    0.051378              0.866678  0.131155             13   
51          123    0.051378              0.746475  0.123420             17   
52           78    0.050911              0.958142  0.119588             15   
53          197    0.050444              0.977518  0.087783             12   
54           84    0.048108              0.829177  0.079342             14   
55          411    0.047641              0.852412  0.061042             26   
56           69    0.051378              0.888017  0.118014             13   
57           98    0.050911              0.774119  0.150844             12   
58          194    0.051845              0.967955  0.092911             20   
59          145    0.046707              0.871432  0.075352             17   
60           52    0.049977              0.771682  0.193528             26   
61           70    0.050911              0.877662  0.077693             24   
62          243    0.049510              0.947964  0.066908             24   
63          127    0.047174              0.717626  0.084229             10   
64           86    0.050911              0.760809  0.144907             12   
65          111    0.047174              0.822079  0.087169             26   
66          156    0.049043              0.873679  0.122386             23   
67          184    0.048575              0.746998  0.097533             19   
68          260    0.048575              0.880941  0.089522             15   

    bst:subsample  early_stopping  n_round  ntrees     score  
0        0.520739             100      800     194  0.052312  
1        0.901434             100      800     192  0.052779  
2        0.898369             100      800     233  0.051378  
3        0.966850             100      800     204  0.052779  
4        0.754955             100      800     241  0.054180  
5        0.882263             100      800     209  0.050911  
6        0.886666             100      800     248  0.048575  
7        0.839309             100      800     198  0.052312  
8        0.594383             100      800     186  0.050911  
9        0.616387             100      800     362  0.053246  
10       0.623131             100      800     176  0.051378  
11       0.709124             100      800     147  0.052312  
12       0.553802             100      800     296  0.049977  
13       0.539766             100      800     253  0.050444  
14       0.860486             100      800     222  0.052312  
15       0.628952             100      800     232  0.053713  
16       0.972043             100      800     430  0.049510  
17       0.668965             100      800     349  0.050444  
18       0.927385             100      800     303  0.051378  
19       0.761231             100      800     342  0.050911  
20       0.704757             100      800     184  0.052312  
21       0.534114             100      800     164  0.053246  
22       0.691809             100      800     229  0.050911  
23       0.682923             100      800     244  0.050444  
24       0.694469             100      800     265  0.051378  
25       0.953237             100      800     191  0.051845  
26       0.787442             100      800     526  0.052779  
27       0.648459             100      800     256  0.049977  
28       0.782939             100      800     309  0.051845  
29       0.784476             100      800     182  0.051378  
..            ...             ...      ...     ...       ...  
39       0.797380             100      800     369  0.050911  
40       0.635663             100      800     201  0.051378  
41       0.977036             100      800     335  0.050911  
42       0.516967             100      800     332  0.049510  
43       0.629330             100      800     442  0.049510  
44       0.969499             100      800     352  0.053246  
45       0.948915             100      800     310  0.049977  
46       0.682431             100      800     307  0.050444  
47       0.773972             100      800     158  0.054180  
48       0.827198             100      800     185  0.050911  
49       0.553870             100      800     179  0.050911  
50       0.853778             100      800     162  0.052779  
51       0.827410             100      800     223  0.053713  
52       0.875971             100      800     178  0.051845  
53       0.963820             100      800     297  0.051845  
54       0.577331             100      800     184  0.051378  
55       0.535749             100      800     511  0.049977  
56       0.767734             100      800     169  0.052779  
57       0.502398             100      800     198  0.052779  
58       0.628400             100      800     294  0.053246  
59       0.567700             100      800     245  0.048575  
60       0.634128             100      800     152  0.052779  
61       0.705966             100      800     170  0.051845  
62       0.940382             100      800     343  0.051845  
63       0.695175             100      800     227  0.047641  
64       0.676519             100      800     186  0.050911  
65       0.749906             100      800     211  0.049043  
66       0.751882             100      800     256  0.049510  
67       0.817537             100      800     284  0.049510  
68       0.969909             100      800     360  0.050444  

[69 rows x 10 columns]